berlin52_n153_bounded-strongly-corr_01.ttp: 153 52   -8099.90       0.00   12513.00   14913.00    7570.00    8834.05    5460.56       1.01
berlin52_n153_bounded-strongly-corr_02.ttp: 153 52  -13853.10      10.00   25016.00   30316.00    7570.00    9053.91   13747.35       1.03
berlin52_n153_bounded-strongly-corr_03.ttp: 153 52  -21271.70      13.00   37526.00   46126.00    7570.00    9822.27   18525.41       1.25
berlin52_n153_bounded-strongly-corr_04.ttp: 153 52  -23769.80       1.00   50051.00   61251.00    7570.00   11016.99   26657.66       1.37
berlin52_n153_bounded-strongly-corr_05.ttp: 153 52  -31869.70      11.00   62554.00   76654.00    7570.00   12262.82   25027.52       1.57
berlin52_n153_bounded-strongly-corr_06.ttp: 153 52  -35503.30       6.00   75072.00   90972.00    7570.00   13513.18   27595.18       1.64
berlin52_n153_bounded-strongly-corr_07.ttp: 153 52  -42694.80      13.00   87578.00  105578.00    7570.00   14670.42   22836.82       1.74
berlin52_n153_bounded-strongly-corr_08.ttp: 153 52  -46555.50       9.00  100095.00  121695.00    7570.00   15769.05   24715.36       1.97
berlin52_n153_bounded-strongly-corr_09.ttp: 153 52  -54731.10      23.00  112594.00  137594.00    7570.00   16841.86   15827.38       2.18
berlin52_n153_bounded-strongly-corr_10.ttp: 153 52  -59803.00     164.00  124966.00  152166.00    7570.00   17885.75   10868.60       2.35
berlin52_n153_uncorr-similar-weights_01.ttp: 153 52   -4769.10     903.00   13070.00    9305.00    7570.00    8286.59    4084.45       0.85
berlin52_n153_uncorr-similar-weights_02.ttp: 153 52   -9538.20     830.00   27116.00   14948.00    7570.00    8885.39    3752.40       1.07
berlin52_n153_uncorr-similar-weights_03.ttp: 153 52  -14837.20     726.00   41193.00   23043.00    7570.00   10058.27    3328.79       1.22
berlin52_n153_uncorr-similar-weights_04.ttp: 153 52  -20060.50     639.00   55253.00   31402.00    7570.00   11538.57     824.79       1.39
berlin52_n153_uncorr-similar-weights_05.ttp: 153 52  -21574.50     553.00   69312.00   38987.00    7570.00   12938.10    2113.42       1.54
berlin52_n153_uncorr-similar-weights_06.ttp: 153 52  -24602.50     470.00   83369.00   47215.00    7570.00   14324.71     659.71       1.71
berlin52_n153_uncorr-similar-weights_07.ttp: 153 52  -26192.20     380.00   97432.00   53936.00    7570.00   15632.21    -151.43       1.87
berlin52_n153_uncorr-similar-weights_08.ttp: 153 52  -27403.40     281.00  111504.00   61461.00    7570.00   16928.50     179.83       2.02
berlin52_n153_uncorr-similar-weights_09.ttp: 153 52  -28463.20     185.00  125573.00   70213.00    7570.00   18254.30    1576.82       2.21
berlin52_n153_uncorr-similar-weights_10.ttp: 153 52  -28841.70      73.00  139658.00   75550.00    7570.00   19420.43    1558.16       2.37
berlin52_n153_uncorr_01.ttp: 153 52   -8705.50       8.00    6952.00    9094.00    7570.00    8449.07    -622.43       0.88
berlin52_n153_uncorr_02.ttp: 153 52  -14383.00       1.00   13919.00   14438.00    7570.00    8929.74   -2528.51       1.09
berlin52_n153_uncorr_03.ttp: 153 52  -15291.40       1.00   20880.00   22175.00    7570.00    9885.68    2205.93       1.23
berlin52_n153_uncorr_04.ttp: 153 52  -17940.90       5.00   27836.00   30993.00    7570.00   11200.85    4446.98       1.42
berlin52_n153_uncorr_05.ttp: 153 52  -21271.70       8.00   34793.00   41429.00    7570.00   12516.06    6258.88       1.64
berlin52_n153_uncorr_06.ttp: 153 52  -25283.80      41.00   41721.00   48298.00    7570.00   13794.79    2223.42       1.78
berlin52_n153_uncorr_07.ttp: 153 52  -26116.50      53.00   48669.00   54680.00    7570.00   15028.68    2831.06       1.98
berlin52_n153_uncorr_08.ttp: 153 52  -27100.60      43.00   55639.00   60330.00    7570.00   16263.86    2105.37       2.11
berlin52_n153_uncorr_09.ttp: 153 52  -28993.10     160.00   62483.00   67552.00    7570.00   17439.14     760.11       2.26
berlin52_n153_uncorr_10.ttp: 153 52  -29068.80    5827.00   63776.00   69967.00    7570.00   15227.12   11494.87       2.32
berlin52_n255_bounded-strongly-corr_01.ttp: 255 52  -15367.10       3.00   23277.00   27577.00    7570.00    8526.51   10268.19       1.36
berlin52_n255_bounded-strongly-corr_02.ttp: 255 52  -24753.90       0.00   46560.00   55160.00    7570.00    9035.06   25615.35       1.37
berlin52_n255_bounded-strongly-corr_03.ttp: 255 52  -32248.20       3.00   69837.00   84637.00    7570.00   10081.61   41689.33       1.82
berlin52_n255_bounded-strongly-corr_04.ttp: 255 52  -44738.70       2.00   93119.00  112319.00    7570.00   11443.98   44685.11       2.05
berlin52_n255_bounded-strongly-corr_05.ttp: 255 52  -55033.90       9.00  116392.00  139892.00    7570.00   12806.45   46789.14       2.30
berlin52_n255_bounded-strongly-corr_06.ttp: 255 52  -60862.80       0.00  139681.00  166481.00    7570.00   14124.49   52920.08       2.40
berlin52_n255_bounded-strongly-corr_07.ttp: 255 52  -71536.50       3.00  162958.00  194258.00    7570.00   15349.36   49206.56       2.74
berlin52_n255_bounded-strongly-corr_08.ttp: 255 52  -81680.30      11.00  186231.00  222131.00    7570.00   16501.46   44080.25       3.03
berlin52_n255_bounded-strongly-corr_09.ttp: 255 52  -94322.20      12.00  209510.00  250310.00    7570.00   17639.55   30521.16       3.32
berlin52_n255_bounded-strongly-corr_10.ttp: 255 52 -111203.30      20.00  232782.00  278682.00    7570.00   18786.13    2713.80       3.62
berlin52_n255_uncorr-similar-weights_01.ttp: 255 52   -7872.80     169.00   23119.00   16555.00    7570.00    8534.83    7678.77       1.12
berlin52_n255_uncorr-similar-weights_02.ttp: 255 52  -16426.90     364.00   46213.00   25171.00    7570.00    9090.20    5445.26       1.39
berlin52_n255_uncorr-similar-weights_03.ttp: 255 52  -24072.60     538.00   69327.00   38165.00    7570.00   10316.10    5359.80       1.67
berlin52_n255_uncorr-similar-weights_04.ttp: 255 52  -31112.70     727.00   92427.00   52230.00    7570.00   11774.44    3837.05       1.94
berlin52_n255_uncorr-similar-weights_05.ttp: 255 52  -35730.40     929.00  115514.00   65161.00    7570.00   13089.78    3377.23       2.22
berlin52_n255_uncorr-similar-weights_06.ttp: 255 52  -40348.10      80.00  139651.00   79678.00    7570.00   14671.77    1477.47       2.50
berlin52_n255_uncorr-similar-weights_07.ttp: 255 52  -43527.50     272.00  162748.00   89835.00    7570.00   15689.85    -381.65       2.83
berlin52_n255_uncorr-similar-weights_08.ttp: 255 52  -44965.80     454.00  185855.00  101951.00    7570.00   16898.09    1576.36       3.06
berlin52_n255_uncorr-similar-weights_09.ttp: 255 52  -46479.80     645.00  208952.00  115952.00    7570.00   18125.64    4660.56       3.35
berlin52_n255_uncorr-similar-weights_10.ttp: 255 52  -47388.20    1814.00  231072.00  126027.00    7570.00   18998.31    7097.57       3.62
berlin52_n255_uncorr_01.ttp: 255 52  -13701.70       0.00   11613.00   13833.00    7570.00    8448.81   -1459.34       1.13
berlin52_n255_uncorr_02.ttp: 255 52  -20968.90       0.00   23227.00   21173.00    7570.00    8948.39   -3614.03       1.26
berlin52_n255_uncorr_03.ttp: 255 52  -24753.90       2.00   34839.00   34633.00    7570.00   10022.67    1858.88       1.75
berlin52_n255_uncorr_04.ttp: 255 52  -28160.40      24.00   46431.00   46588.00    7570.00   11360.74    4326.04       2.01
berlin52_n255_uncorr_05.ttp: 255 52  -32021.10      19.00   58050.00   63813.00    7570.00   12762.20    9828.89       2.38
berlin52_n255_uncorr_06.ttp: 255 52  -36184.60      12.00   69670.00   75250.00    7570.00   14102.82    7838.52       2.66
berlin52_n255_uncorr_07.ttp: 255 52  -37244.40      25.00   81271.00   86582.00    7570.00   15378.64   10919.08       2.89
berlin52_n255_uncorr_08.ttp: 255 52  -41332.20       6.00   92904.00   96723.00    7570.00   16667.22    5719.96       3.17
berlin52_n255_uncorr_09.ttp: 255 52  -43754.60       9.00  104515.00  111198.00    7570.00   17976.30    7294.99       3.52
berlin52_n255_uncorr_10.ttp: 255 52  -44284.50    6376.00  109762.00  113255.00    7570.00   16466.37   16926.71       3.59
berlin52_n510_bounded-strongly-corr_01.ttp: 510 52  -30052.90       0.00   44755.00   51655.00    7570.00    8494.77   17930.75       1.31
berlin52_n510_bounded-strongly-corr_02.ttp: 510 52  -49886.30       0.00   89510.00  107110.00    7570.00    9119.75   47010.85       2.21
berlin52_n510_bounded-strongly-corr_03.ttp: 510 52  -67373.00       0.00  134266.00  161966.00    7570.00   10202.53   71163.49       2.67
berlin52_n510_bounded-strongly-corr_04.ttp: 510 52  -88039.10       0.00  179021.00  214821.00    7570.00   11566.14   80306.77       3.42
berlin52_n510_bounded-strongly-corr_05.ttp: 510 52 -107494.00       0.00  223777.00  268577.00    7570.00   12958.92   84560.34       3.93
berlin52_n510_bounded-strongly-corr_06.ttp: 510 52 -125132.10       0.00  268532.00  322132.00    7570.00   14275.55   86157.10       4.48
berlin52_n510_bounded-strongly-corr_07.ttp: 510 52 -144662.70       4.00  313284.00  376284.00    7570.00   15506.85   79948.10       5.04
berlin52_n510_bounded-strongly-corr_08.ttp: 510 52 -163360.60       0.00  358043.00  429143.00    7570.00   16671.34   69375.40       5.56
berlin52_n510_bounded-strongly-corr_09.ttp: 510 52 -184556.60      15.00  402784.00  483684.00    7570.00   17820.85   49211.66       6.22
berlin52_n510_bounded-strongly-corr_10.ttp: 510 52 -210748.80       6.00  447548.00  538748.00    7570.00   18981.41   10305.51       6.78
berlin52_n510_uncorr-similar-weights_01.ttp: 510 52  -12869.00     363.00   46214.00   29545.00    7570.00    8458.21   15166.05       1.77
berlin52_n510_uncorr-similar-weights_02.ttp: 510 52  -29825.80     737.00   92418.00   47749.00    7570.00    9076.55   11987.38       2.31
berlin52_n510_uncorr-similar-weights_03.ttp: 510 52  -44587.30      89.00  139644.00   71446.00    7570.00   10348.50   10493.34       2.87
berlin52_n510_uncorr-similar-weights_04.ttp: 510 52  -58137.60     454.00  185857.00   98768.00    7570.00   11709.52    8838.90       3.43
berlin52_n510_uncorr-similar-weights_05.ttp: 510 52  -68584.20     843.00  232046.00  126885.00    7570.00   13109.34    8114.34       3.99
berlin52_n510_uncorr-similar-weights_06.ttp: 510 52  -78046.70     183.00  279284.00  155472.00    7570.00   14483.26    6149.58       4.53
berlin52_n510_uncorr-similar-weights_07.ttp: 510 52  -85313.90     542.00  325503.00  178969.00    7570.00   15648.65    2608.74       5.10
berlin52_n510_uncorr-similar-weights_08.ttp: 510 52  -89780.20     911.00  371712.00  201870.00    7570.00   16844.29    2096.76       5.68
berlin52_n510_uncorr-similar-weights_09.ttp: 510 52  -91748.40     298.00  418903.00  226879.00    7570.00   18173.94    6610.87       6.27
berlin52_n510_uncorr-similar-weights_10.ttp: 510 52  -93111.00    4658.00  461121.00  247867.00    7570.00   18838.01   16159.48       6.71
berlin52_n510_uncorr_01.ttp: 510 52  -28084.70       0.00   22871.00   25655.00    7570.00    8422.32   -5591.81       1.48
berlin52_n510_uncorr_02.ttp: 510 52  -40802.30       0.00   45742.00   44604.00    7570.00    8980.38   -3800.22       1.86
berlin52_n510_uncorr_03.ttp: 510 52  -54655.40       0.00   68614.00   73766.00    7570.00   10123.27     675.99       2.66
berlin52_n510_uncorr_04.ttp: 510 52  -62149.70       4.00   91481.00   98184.00    7570.00   11539.98    3440.80       3.50
berlin52_n510_uncorr_05.ttp: 510 52  -69946.80       0.00  114357.00  128504.00    7570.00   12947.28    8871.11       3.79
berlin52_n510_uncorr_06.ttp: 510 52  -76608.40      14.00  137214.00  155037.00    7570.00   14282.37   10499.43       4.64
berlin52_n510_uncorr_07.ttp: 510 52  -81528.90      14.00  160086.00  177953.00    7570.00   15555.04   10425.17       5.22
berlin52_n510_uncorr_08.ttp: 510 52  -87055.00       1.00  182970.00  203125.00    7570.00   16756.59   10424.26       5.79
berlin52_n510_uncorr_09.ttp: 510 52  -92732.50       7.00  205836.00  231747.00    7570.00   18035.11   10816.95       6.41
berlin52_n510_uncorr_10.ttp: 510 52  -93262.40   12206.00  216508.00  244572.00    7570.00   16657.40   39352.81       6.63
berlin52_n51_bounded-strongly-corr_01.ttp: 51 52   -2346.70      26.00    4020.00    5520.00    7570.00   10072.41    2397.55       0.64
berlin52_n51_bounded-strongly-corr_02.ttp: 51 52   -4239.20       2.00    8091.00   10291.00    7570.00    9998.84    4691.65       0.69
berlin52_n51_bounded-strongly-corr_03.ttp: 51 52   -7115.80     138.00   12002.00   15602.00    7570.00   10163.46    6048.35       0.78
berlin52_n51_bounded-strongly-corr_04.ttp: 51 52   -8251.30     131.00   16056.00   20556.00    7570.00   11294.82    8244.65       0.86
berlin52_n51_bounded-strongly-corr_05.ttp: 51 52   -9084.00      23.00   20211.00   25011.00    7570.00   12850.83    9590.00       0.86
berlin52_n51_bounded-strongly-corr_06.ttp: 51 52  -12490.50      40.00   24241.00   29941.00    7570.00   13975.16    6881.98       0.90
berlin52_n51_bounded-strongly-corr_07.ttp: 51 52  -13323.20     120.00   28208.00   34508.00    7570.00   14998.78    8110.14       0.96
berlin52_n51_bounded-strongly-corr_08.ttp: 51 52  -15745.60      43.00   32332.00   39532.00    7570.00   16166.37    5905.94       0.99
berlin52_n51_bounded-strongly-corr_09.ttp: 51 52  -16426.90     316.00   36106.00   44306.00    7570.00   16838.87    7765.66       1.03
berlin52_n51_bounded-strongly-corr_10.ttp: 51 52  -20363.30     208.00   40261.00   49461.00    7570.00   18053.72     896.50       1.08
berlin52_n51_uncorr-similar-weights_01.ttp: 51 52   -1589.70     642.00    4017.00    3171.00    7570.00    8899.95    1302.01       0.61
berlin52_n51_uncorr-similar-weights_02.ttp: 51 52   -2800.90     276.00    9042.00    4922.00    7570.00    9171.96    1528.37       0.66
berlin52_n51_uncorr-similar-weights_03.ttp: 51 52   -4012.10     912.00   13066.00    6589.00    7570.00    9486.83    1560.98       0.70
berlin52_n51_uncorr-similar-weights_04.ttp: 51 52   -5904.60     540.00   18097.00    9376.00    7570.00   11068.64     742.46       0.76
berlin52_n51_uncorr-similar-weights_05.ttp: 51 52   -6510.20     179.00   23117.00   12618.00    7570.00   12820.40    1592.46       0.81
berlin52_n51_uncorr-similar-weights_06.ttp: 51 52   -7872.80     822.00   27134.00   15169.00    7570.00   13445.34    1185.84       0.95
berlin52_n51_uncorr-similar-weights_07.ttp: 51 52   -8402.70     460.00   32155.00   18678.00    7570.00   15063.90    1957.07       0.94
berlin52_n51_uncorr-similar-weights_08.ttp: 51 52   -8175.60      94.00   37180.00   20620.00    7570.00   16682.13    2603.30       1.00
berlin52_n51_uncorr-similar-weights_09.ttp: 51 52   -9008.30     731.00   41203.00   23011.00    7570.00   17172.21    2576.07       1.05
berlin52_n51_uncorr-similar-weights_10.ttp: 51 52   -9386.80    1366.00   45227.00   24200.00    7570.00   17725.01    2220.99       1.09
berlin52_n51_uncorr_01.ttp: 51 52   -4012.10       0.00    2245.00    3585.00    7570.00    8520.99    -931.12       0.58
berlin52_n51_uncorr_02.ttp: 51 52   -5677.50      11.00    4479.00    7272.00    7570.00    9553.35     106.98       0.71
berlin52_n51_uncorr_03.ttp: 51 52   -5980.30      10.00    6725.00   10409.00    7570.00   10781.86    1891.33       0.76
berlin52_n51_uncorr_04.ttp: 51 52   -7570.00       5.00    8975.00   12987.00    7570.00   12209.82     777.18       0.84
berlin52_n51_uncorr_05.ttp: 51 52   -8402.70      19.00   11206.00   16014.00    7570.00   13646.30     866.61       0.86
berlin52_n51_uncorr_06.ttp: 51 52   -8478.40      32.00   13438.00   17079.00    7570.00   14991.56     288.46       0.89
berlin52_n51_uncorr_07.ttp: 51 52   -8554.10      28.00   15687.00   19497.00    7570.00   16326.75    1047.78       0.95
berlin52_n51_uncorr_08.ttp: 51 52   -8629.80      15.00   17945.00   20040.00    7570.00   17557.68      24.24       0.98
berlin52_n51_uncorr_09.ttp: 51 52   -8856.90      26.00   20179.00   22697.00    7570.00   18788.60     714.34       1.03
berlin52_n51_uncorr_10.ttp: 51 52   -9462.50    1387.00   21063.00   24317.00    7570.00   16861.05    3240.69       1.07
