eil51_n150_bounded-strongly-corr_01.ttp: 150 51   -9441.63      14.00   12333.00   15333.00     459.00     585.22    3295.03       1.08
eil51_n150_bounded-strongly-corr_02.ttp: 150 51  -15918.12      23.00   24672.00   29672.00     459.00     591.36    9163.66       0.97
eil51_n150_bounded-strongly-corr_03.ttp: 150 51  -23643.09      20.00   37023.00   44523.00     459.00     630.42   12050.11       1.13
eil51_n150_bounded-strongly-corr_04.ttp: 150 51  -28453.41       2.00   49389.00   59489.00     459.00     678.32   17439.94       1.23
eil51_n150_bounded-strongly-corr_05.ttp: 150 51  -35737.74       7.00   61732.00   75232.00     459.00     728.66   18498.89       1.46
eil51_n150_bounded-strongly-corr_06.ttp: 150 51  -44449.56      26.00   74060.00   90260.00     459.00     782.87   14446.99       1.64
eil51_n150_bounded-strongly-corr_07.ttp: 150 51  -51068.34      23.00   86411.00  104911.00     459.00     837.81   11696.58       1.76
eil51_n150_bounded-strongly-corr_08.ttp: 150 51  -57668.76      25.00   98757.00  119757.00     459.00     892.21    7659.11       1.91
eil51_n150_bounded-strongly-corr_09.ttp: 150 51  -61781.40      22.00  111108.00  134208.00     459.00     948.60    6526.34       2.09
eil51_n150_bounded-strongly-corr_10.ttp: 150 51  -66931.38      93.00  123385.00  150085.00     459.00    1005.68    3437.09       2.31
eil51_n150_uncorr-similar-weights_01.ttp: 150 51   -5402.43     634.00   13065.00    8355.00     459.00     532.66    2085.65       0.86
eil51_n150_uncorr-similar-weights_02.ttp: 150 51   -9643.59     286.00   27113.00   13988.00     459.00     593.81    1511.96       1.04
eil51_n150_uncorr-similar-weights_03.ttp: 150 51  -13104.45     949.00   40149.00   20242.00     459.00     633.44    2157.33       1.19
eil51_n150_uncorr-similar-weights_04.ttp: 150 51  -19764.54     583.00   54215.00   30123.00     459.00     709.21    -415.59       1.36
eil51_n150_uncorr-similar-weights_05.ttp: 150 51  -23312.61     212.00   68285.00   37923.00     459.00     786.68   -2032.53       1.52
eil51_n150_uncorr-similar-weights_06.ttp: 150 51  -26465.94     851.00   81346.00   44115.00     459.00     830.10   -3748.80       1.68
eil51_n150_uncorr-similar-weights_07.ttp: 150 51  -28476.36     484.00   95412.00   52869.00     459.00     906.09   -3344.61       1.84
eil51_n150_uncorr-similar-weights_08.ttp: 150 51  -30913.65     106.00  109490.00   61178.00     459.00     986.61   -5270.28       2.01
eil51_n150_uncorr-similar-weights_09.ttp: 150 51  -32414.58     736.00  122559.00   69301.00     459.00    1038.93   -4068.35       2.16
eil51_n150_uncorr-similar-weights_10.ttp: 150 51  -33341.76    3374.00  133621.00   74213.00     459.00    1043.42   -1580.82       2.30
eil51_n150_uncorr_01.ttp: 150 51  -10217.34      18.00    6869.00   11231.00     459.00     550.71   -1027.71       0.99
eil51_n150_uncorr_02.ttp: 150 51  -14614.56      30.00   13744.00   16566.00     459.00     615.42   -3028.93       1.13
eil51_n150_uncorr_03.ttp: 150 51  -17822.97      16.00   20645.00   21372.00     459.00     682.50   -5129.38       1.27
eil51_n150_uncorr_04.ttp: 150 51  -23303.43      24.00   27524.00   27471.00     459.00     737.89   -9991.72       1.43
eil51_n150_uncorr_05.ttp: 150 51  -25846.29      23.00   34412.00   35799.00     459.00     805.61   -9564.79       1.56
eil51_n150_uncorr_06.ttp: 150 51  -27425.25      29.00   41293.00   41883.00     459.00     873.02  -10280.14       1.72
eil51_n150_uncorr_07.ttp: 150 51  -29284.20      58.00   48151.00   51729.00     459.00     940.91   -8301.19       1.96
eil51_n150_uncorr_08.ttp: 150 51  -29596.32      88.00   55008.00   57172.00     459.00     991.03   -6729.81       2.10
eil51_n150_uncorr_09.ttp: 150 51  -29421.90     137.00   61846.00   66916.00     459.00    1061.14   -1102.98       2.27
eil51_n150_uncorr_10.ttp: 150 51  -29050.11    4207.00   64663.00   67912.00     459.00     950.76    7738.49       2.30
eil51_n250_bounded-strongly-corr_01.ttp: 250 51  -17042.67      20.00   22646.00   27446.00     459.00     574.04    6131.95       1.12
eil51_n250_bounded-strongly-corr_02.ttp: 250 51  -29802.87       4.00   45328.00   54528.00     459.00     611.57   14819.03       1.40
eil51_n250_bounded-strongly-corr_03.ttp: 250 51  -39148.11      12.00   67986.00   81786.00     459.00     670.18   24626.05       1.73
eil51_n250_bounded-strongly-corr_04.ttp: 250 51  -52968.60       0.00   90664.00  108864.00     459.00     728.84   24755.50       1.93
eil51_n250_bounded-strongly-corr_05.ttp: 250 51  -67697.91       2.00  113328.00  136628.00     459.00     792.03   19811.76       2.26
eil51_n250_bounded-strongly-corr_06.ttp: 250 51  -76616.28       6.00  135990.00  163990.00     459.00     854.38   21377.68       2.58
eil51_n250_bounded-strongly-corr_07.ttp: 250 51  -89220.42      19.00  158643.00  190443.00     459.00     915.32   12522.49       2.79
eil51_n250_bounded-strongly-corr_08.ttp: 250 51  -98088.30       8.00  181320.00  217120.00     459.00     977.43    8242.28       3.08
eil51_n250_bounded-strongly-corr_09.ttp: 250 51 -108636.12      87.00  203907.00  244007.00     459.00    1038.26   -1728.61       3.27
eil51_n250_bounded-strongly-corr_10.ttp: 250 51 -120822.57      10.00  226650.00  270550.00     459.00    1102.26  -19597.39       3.48
eil51_n250_uncorr-similar-weights_01.ttp: 250 51  -10153.08     726.00   22106.00   12832.00     459.00     532.62    1050.53       1.12
eil51_n250_uncorr-similar-weights_02.ttp: 250 51  -17942.31     476.00   45188.00   22761.00     459.00     592.78    -410.81       1.39
eil51_n250_uncorr-similar-weights_03.ttp: 250 51  -25309.26     232.00   68265.00   34349.00     459.00     655.91   -1818.14       1.66
eil51_n250_uncorr-similar-weights_04.ttp: 250 51  -33410.61     955.00   90374.00   49459.00     459.00     707.67   -2052.35       1.92
eil51_n250_uncorr-similar-weights_05.ttp: 250 51  -38702.88     679.00  113482.00   61702.00     459.00     778.17   -3913.22       2.19
eil51_n250_uncorr-similar-weights_06.ttp: 250 51  -43054.20     406.00  136588.00   73529.00     459.00     845.02   -5733.62       2.48
eil51_n250_uncorr-similar-weights_07.ttp: 250 51  -46478.34     135.00  159691.00   89583.00     459.00     916.79   -3251.53       2.74
eil51_n250_uncorr-similar-weights_08.ttp: 250 51  -51609.96     853.00  181805.00  102827.00     459.00     975.42   -6849.44       3.01
eil51_n250_uncorr-similar-weights_09.ttp: 250 51  -53854.47     557.00  204934.00  115888.00     459.00    1047.96   -7068.97       3.28
eil51_n250_uncorr-similar-weights_10.ttp: 250 51  -54194.13    6305.00  222018.00  123694.00     459.00    1032.30    1810.30       3.48
eil51_n250_uncorr_01.ttp: 250 51  -17676.09       1.00   11447.00   15212.00     459.00     549.73   -5957.94       1.24
eil51_n250_uncorr_02.ttp: 250 51  -22945.41      11.00   22885.00   24856.00     459.00     608.05   -5540.64       1.51
eil51_n250_uncorr_03.ttp: 250 51  -31501.17       0.00   34345.00   34205.00     459.00     672.52  -11949.74       1.62
eil51_n250_uncorr_04.ttp: 250 51  -35466.93      11.00   45782.00   48728.00     459.00     732.75   -7891.58       2.06
eil51_n250_uncorr_05.ttp: 250 51  -40483.80      12.00   57229.00   59604.00     459.00     799.95  -10951.98       2.28
eil51_n250_uncorr_06.ttp: 250 51  -43104.69       0.00   68690.00   70539.00     459.00     868.01  -10975.77       2.45
eil51_n250_uncorr_07.ttp: 250 51  -47873.70      42.00   80096.00   86613.00     459.00     938.45  -11267.81       2.87
eil51_n250_uncorr_08.ttp: 250 51  -48424.50       9.00   91577.00   96958.00     459.00    1001.70   -8721.85       3.14
eil51_n250_uncorr_09.ttp: 250 51  -49177.26    1422.00  101613.00  109291.00     459.00    1030.98   -1167.97       3.39
eil51_n250_uncorr_10.ttp: 250 51  -48782.52   10791.00  103692.00  109823.00     459.00     887.79   15468.27       3.44
eil51_n500_bounded-strongly-corr_01.ttp: 500 51  -30385.80       0.00   44447.00   52547.00     459.00     557.63   15631.63       1.72
eil51_n500_bounded-strongly-corr_02.ttp: 500 51  -56392.74       0.00   88895.00  104595.00     459.00     605.35   30221.98       1.70
eil51_n500_bounded-strongly-corr_03.ttp: 500 51  -74495.70       2.00  133341.00  159541.00     459.00     659.57   52493.09       2.84
eil51_n500_bounded-strongly-corr_04.ttp: 500 51 -100277.73       4.00  177786.00  212786.00     459.00     717.49   56036.54       3.34
eil51_n500_bounded-strongly-corr_05.ttp: 500 51 -122832.99      11.00  222227.00  267227.00     459.00     778.47   58901.08       3.93
eil51_n500_bounded-strongly-corr_06.ttp: 500 51 -145893.15       3.00  266683.00  320583.00     459.00     839.56   53729.56       4.49
eil51_n500_bounded-strongly-corr_07.ttp: 500 51 -167920.56      12.00  311122.00  372922.00     459.00     900.16   43607.81       4.95
eil51_n500_bounded-strongly-corr_08.ttp: 500 51 -190677.78       1.00  355580.00  425280.00     459.00     962.08   25611.08       5.44
eil51_n500_bounded-strongly-corr_09.ttp: 500 51 -211319.01      22.00  400007.00  479607.00     459.00    1024.34    8010.15       6.06
eil51_n500_bounded-strongly-corr_10.ttp: 500 51 -232217.28       5.00  444472.00  531772.00     459.00    1087.60  -18467.74       6.53
eil51_n500_uncorr-similar-weights_01.ttp: 500 51  -18548.19     454.00   45209.00   25629.00     459.00     544.07    3643.01       1.77
eil51_n500_uncorr-similar-weights_02.ttp: 500 51  -34613.19     925.00   90402.00   46137.00     459.00     593.00    1418.69       2.28
eil51_n500_uncorr-similar-weights_03.ttp: 500 51  -50554.26     416.00  136575.00   70118.00     459.00     656.15   -2150.27       2.84
eil51_n500_uncorr-similar-weights_04.ttp: 500 51  -66444.84     872.00  181783.00   98012.00     459.00     716.01   -5637.47       3.37
eil51_n500_uncorr-similar-weights_05.ttp: 500 51  -75872.70     320.00  227999.00  124037.00     459.00     786.08   -5901.22       3.91
eil51_n500_uncorr-similar-weights_06.ttp: 500 51  -85681.53     755.00  273228.00  147356.00     459.00     848.93  -11114.32       4.46
eil51_n500_uncorr-similar-weights_07.ttp: 500 51  -93011.76     218.00  319429.00  173698.00     459.00     922.36  -13208.03       4.99
eil51_n500_uncorr-similar-weights_08.ttp: 500 51 -100002.33     665.00  364646.00  198185.00     459.00     987.85  -17037.23       5.54
eil51_n500_uncorr-similar-weights_09.ttp: 500 51 -104151.69      88.00  410887.00  226147.00     459.00    1063.63  -15201.46       6.07
eil51_n500_uncorr-similar-weights_10.ttp: 500 51 -106630.29   12604.00  444035.00  242896.00     459.00    1039.69    1365.77       6.46
eil51_n500_uncorr_01.ttp: 500 51  -36407.88       0.00   22486.00   23066.00     459.00     547.04  -20324.84       1.73
eil51_n500_uncorr_02.ttp: 500 51  -49094.64       1.00   44972.00   49379.00     459.00     603.07  -15125.01       2.44
eil51_n500_uncorr_03.ttp: 500 51  -58972.32       0.00   67459.00   70691.00     459.00     658.48  -13910.34       2.89
eil51_n500_uncorr_04.ttp: 500 51  -71975.79       0.00   89946.00   97099.00     459.00     723.02  -16278.20       3.42
eil51_n500_uncorr_05.ttp: 500 51  -79742.07       0.00  112432.00  120778.00     459.00     787.06  -15958.08       3.61
eil51_n500_uncorr_06.ttp: 500 51  -89482.05       5.00  134914.00  155295.00     459.00     854.20  -11231.03       4.70
eil51_n500_uncorr_07.ttp: 500 51  -99056.79       7.00  157398.00  184554.00     459.00     925.06  -15084.14       5.27
eil51_n500_uncorr_08.ttp: 500 51 -102462.57       9.00  179883.00  209591.00     459.00     997.25  -13024.53       5.77
eil51_n500_uncorr_09.ttp: 500 51 -105225.75      37.00  202341.00  235248.00     459.00    1062.38   -8302.09       6.31
eil51_n500_uncorr_10.ttp: 500 51 -105234.93   18046.00  206819.00  237869.00     459.00     909.43   29364.66       6.44
eil51_n50_bounded-strongly-corr_01.ttp: 50 51   -2037.96       2.00    4027.00    5827.00     459.00     639.01    2989.81       0.67
eil51_n50_bounded-strongly-corr_02.ttp: 50 51   -4713.93      32.00    8027.00   10227.00     459.00     757.83    2444.03       0.67
eil51_n50_bounded-strongly-corr_03.ttp: 50 51   -7780.05       0.00   12089.00   15089.00     459.00     661.60    3874.91       0.71
eil51_n50_bounded-strongly-corr_04.ttp: 50 51  -10148.49      15.00   16104.00   19704.00     459.00     699.49    4238.30       0.75
eil51_n50_bounded-strongly-corr_05.ttp: 50 51  -13664.43       0.00   20149.00   24249.00     459.00     752.38    1850.80       0.80
eil51_n50_bounded-strongly-corr_06.ttp: 50 51  -14582.43      98.00   24080.00   29380.00     459.00     804.04    3835.50       0.91
eil51_n50_bounded-strongly-corr_07.ttp: 50 51  -15918.12     170.00   28038.00   34038.00     459.00     859.92    4216.11       0.93
eil51_n50_bounded-strongly-corr_08.ttp: 50 51  -18667.53     127.00   32111.00   38711.00     459.00     923.23    1163.07       0.97
eil51_n50_bounded-strongly-corr_09.ttp: 50 51  -20824.83      31.00   36237.00   43237.00     459.00     990.22   -1689.47       0.99
eil51_n50_bounded-strongly-corr_10.ttp: 50 51  -19961.91     106.00   40192.00   48492.00     459.00    1044.15    3081.95       1.06
eil51_n50_uncorr-similar-weights_01.ttp: 50 51   -1753.38     553.00    4014.00    3145.00     459.00     531.04    1116.43       0.60
eil51_n50_uncorr-similar-weights_02.ttp: 50 51   -2675.97     100.00    9035.00    6192.00     459.00     597.20    2710.31       0.66
eil51_n50_uncorr-similar-weights_03.ttp: 50 51   -4172.31     655.00   13048.00    7730.00     459.00     612.56    2161.87       0.70
eil51_n50_uncorr-similar-weights_04.ttp: 50 51   -6641.73     196.00   18074.00   10761.00     459.00     712.49     451.29       0.76
eil51_n50_uncorr-similar-weights_05.ttp: 50 51   -8858.70     737.00   22101.00   13040.00     459.00     742.47   -1289.61       0.81
eil51_n50_uncorr-similar-weights_06.ttp: 50 51   -9735.39     283.00   27123.00   16265.00     459.00     841.42   -1581.54       0.86
eil51_n50_uncorr-similar-weights_07.ttp: 50 51  -10685.52     833.00   31141.00   19006.00     459.00     872.15   -1297.72       0.91
eil51_n50_uncorr-similar-weights_08.ttp: 50 51  -11071.08     371.00   36170.00   22112.00     459.00     978.26   -1483.62       0.97
eil51_n50_uncorr-similar-weights_09.ttp: 50 51  -11273.04     923.00   40186.00   23423.00     459.00    1009.81   -1378.01       1.02
eil51_n50_uncorr-similar-weights_10.ttp: 50 51  -10915.02    3473.00   42204.00   23827.00     459.00     928.85    1739.05       1.05
eil51_n50_uncorr_01.ttp: 50 51   -3300.21      27.00    2199.00    2707.00     459.00     532.80   -1123.84       0.62
eil51_n50_uncorr_02.ttp: 50 51   -4461.48      61.00    4391.00    5323.00     459.00     581.81    -332.23       0.67
eil51_n50_uncorr_03.ttp: 50 51   -5944.05      59.00    6620.00    7128.00     459.00     634.97   -1094.82       0.73
eil51_n50_uncorr_04.ttp: 50 51   -9023.94      15.00    8890.00    9335.00     459.00     700.01   -4427.14       0.77
eil51_n50_uncorr_05.ttp: 50 51   -8996.40      53.00   11079.00   12353.00     459.00     756.83   -2480.83       0.82
eil51_n50_uncorr_06.ttp: 50 51   -9707.85      72.00   13286.00   14994.00     459.00     818.19   -2310.64       0.89
eil51_n50_uncorr_07.ttp: 50 51  -10570.77       9.00   15576.00   17354.00     459.00     891.33   -3173.32       0.93
eil51_n50_uncorr_08.ttp: 50 51  -10717.65      35.00   17776.00   20575.00     459.00     955.13   -1727.21       1.02
eil51_n50_uncorr_09.ttp: 50 51  -10336.68     113.00   19925.00   21423.00     459.00     957.40    -137.69       1.03
eil51_n50_uncorr_10.ttp: 50 51  -10249.47    1483.00   20781.00   23109.00     459.00     873.17    3611.07       1.06
